  0.78277379
  0.77891645
  0.77815976
  0.77360122
  0.76804738
  0.77260564
  0.76837629
  0.76643294
  0.75943601
  0.76049230
  0.75509029
  0.75533151
  0.75412391
  0.73938878
  0.72802948
  0.72928622
  0.73936675
  0.74550673
  0.74083933
  0.74758897
  0.75411806
  0.75010415
  0.75848276
  0.76517251
  0.76183831
  0.76640877
  0.76853897
  0.77271788
  0.78391725
  0.77769357
  0.77773373
  0.77265210
  0.76668242
  0.76367598
  0.76059795
  0.75246812
  0.74414421
  0.73193156
  0.74176450
  0.73467372
  0.73343651
  0.72930302
  0.73371099
  0.73163563
  0.72865268
  0.74232053
  0.74151010
  0.74059820
  0.73752371
  0.74628996
  0.74612901
  0.74934442
  0.74993903
  0.76490060
  0.76829144
  0.76843881
  0.76671001
  0.77292359
  0.77142022
  0.77422912
  0.78123880
  0.78020762
  0.77946374
  0.77791005
  0.77615380
  0.77514423
  0.77034222
  0.77389643
  0.77644269
  0.78019262
  0.77799472
  0.77633398
  0.77683443
  0.77367913
  0.77146071
  0.77489081
  0.77170272
  0.76796100
  0.76282477
  0.76195574
  0.75690985
  0.74647653
  0.73800155
  0.73790249
  0.74333349
  0.73747526
  0.74360683
  0.73384117
  0.72647591
  0.71297441
  0.72629918
  0.72432094
  0.75153863
  0.76051717
  0.75432956
  0.74819158
  0.74657999
  0.74561115
  0.75059885
  0.75992508
  0.75270104
  0.73631771
  0.74038146
  0.75206906
  0.75614732
  0.75300149
  0.76505484
  0.75911764
  0.76905268
  0.75813083
  0.75732568
  0.76470720
  0.76799244
  0.76610372
  0.76292390
  0.75960756
  0.75839046
  0.75391559
  0.74873099
  0.74856509
  0.74910883
  0.74787169
  0.74539442
  0.74188657
  0.73817525
  0.72843782
  0.72342879
  0.72773229
  0.72920404
  0.72529004
  0.72503407
  0.72343438
  0.71861841
  0.70863926
  0.70707514
  0.71084182
  0.71414151
  0.72202799
  0.71611585
  0.73119716
  0.73304962
  0.72696482
  0.72059291
  0.71186928
  0.70527671
  0.71580316
  0.71263955
  0.71909103
  0.71397066
  0.71423444
  0.70613489
  0.71026350
  0.70409536
  0.70803458
  0.70193176
  0.71033781
  0.70380637
  0.70382543
  0.70882399
  0.71014427
  0.70532771
  0.70557982
  0.70329192
  0.70101241
  0.69799199
  0.69497582
  0.68772909
  0.67692833
  0.66948669
  0.67960552
  0.66962099
  0.66049168
  0.65690699
  0.66778165
  0.66026503
  0.66731367
  0.67395197
  0.66696941
  0.66770355
  0.66953803
  0.67338194
  0.66905233
  0.67172593
  0.66128851
  0.66708360
  0.66805462
  0.66232091
  0.66714824
  0.66353789
  0.66587335
  0.66692381
  0.66358269
  0.66219286
  0.65926639
  0.65324367
  0.64544104
  0.64105861
  0.63797206
  0.63069491
  0.62982882
